# state len expanded generated
12345672121232 11 49871 299213
12345672123212 11 47806 286816
12345672321212 11 50193 301135
12345673131323 11 48472 290816
12345673132313 11 57360 344148
12345673231313 11 55746 334461
12345761111111 11 33634 201786
12346571111231 11 24870 149195
12346751113133 11 34646 207852
12347561112212 11 31709 190232
12347651111111 11 52654 315906
12347651122112 11 32551 195285
12347651133311 11 29675 178021
12347652111221 11 26735 160388
12347652123233 11 31640 189813
12347652123332 11 38990 233922
12347652223232 11 29513 177051
12347653111133 11 31511 189049
12347653132223 11 26938 161610
12347653132322 11 26325 157922
12347653332323 11 29666 177972
12354671111111 11 37128 222744
12354761112323 11 49125 294728
12354762121112 11 34973 209813
12354762121211 11 38005 228017
12354762311123 11 28551 171287
12354763131131 11 31811 190839
12354763133111 11 28906 173419
12354763211123 11 33856 203117
12356471113133 11 30581 183468
12356741133131 11 41428 248551
12356741313131 11 43143 258840
12356743113131 11 43388 260316
12357461111222 11 33529 201158
12357461113331 11 32262 193553
12357462211112 11 33236 199389
12357641113331 11 31309 187830
12364571112212 11 34907 209422
12364751112212 11 29913 179460
12364751113133 11 31455 188706
12364753311131 11 30198 181159
12365471111111 11 37100 222578
12365471211122 11 31410 188440
12365471313113 11 26005 156004
12365472223232 11 29109 174632
12365472321233 11 33614 201669
12365473232312 11 26447 158657
12365473332323 11 26546 159255
12365741113331 11 31627 189740
12367451123333 11 46607 279617
12367451132222 11 42454 254702
12367451213333 11 45189 271112
12367451312222 11 55279 331661
12367452113333 11 49981 299866
12367453112222 11 45040 270216
12367541112212 11 39123 234725
12367541113331 11 44838 269010
12367541331131 11 28706 172221
12374561121212 11 43243 259433
12374561211212 11 42565 255370
12374562111212 11 50547 303264
12374651111222 11 35045 210245
12375461111222 11 33880 203255
12375641113112 11 31998 191966
12376451111222 11 35673 214015
12376451113133 11 34065 204375
12376451221211 11 29370 176195
12376541112323 11 35520 213102
12376541232233 11 42033 252186
12376541322233 11 29127 174745
12376542121232 11 32430 194553
12376542123212 11 29909 179432
12376543133132 11 26122 156715
12376543133231 11 25974 155817
12456731132321 11 47384 284280
12456731233223 11 28127 168743
12456733223321 11 28313 169861
12463751231231 11 29887 179294
12467351131121 11 29942 179623
12467351231321 11 25935 155581
12473561132123 11 28500 170985
12536741112323 11 30720 184301
12537461332112 11 28568 171383
12543671111111 11 38151 228890
12543671211212 11 29708 178222
12543671331113 11 27257 163516
12543672121121 11 27829 166954
12543672321332 11 28761 172544
12543672322232 11 27876 167235
12543672331232 11 26429 158546
12543673111331 11 27157 162916
12543673221323 11 28466 170770
12543673231223 11 27249 163471
12543673233323 11 34605 207607
12546371221331 11 28363 170158
12563472131213 11 35296 211752
12563473131212 11 33079 198448
12564733323122 11 27145 162842
12567433232333 11 28232 169363
12576343212221 11 34772 208613
12637451132111 11 33392 200332
12637451332112 11 25062 150338
12643571321321 11 27550 165273
12645371131121 11 30935 185580
12673542331133 11 38175 229032
12734561112323 11 30548 183266
12734561322233 11 26920 161497
12734562313223 11 25805 154804
12745631111111 11 90279 541652
12745632111122 11 29694 178137
12745632212213 11 35029 210154
12745632222221 11 28465 170763
12745632232211 11 33852 203083
12745633131131 11 31721 190309
12745633313312 11 27763 166555
12745633313333 11 29604 177605
12745633323311 11 28124 168721
12753462231323 11 31708 190230
12763452322232 11 28630 171760
12765432121313 11 32178 193054
12765432222212 11 48689 292119
12765433121213 11 36505 219011
12765433331333 11 33358 200137
13245671321111 11 32257 193520
13246571111111 11 40814 244866
13246571112233 11 27447 164662
13246571113232 11 42552 255300
13246572321332 11 32237 193396
13246572331232 11 29132 174766
13246573221233 11 30120 180685
13246573321223 11 30702 184190
13246752133211 11 37416 224484
13247563212131 11 33356 200123
13254761322233 11 31753 190504
13254761323322 11 27274 163617
13254762321233 11 37733 226383
13254763323122 11 32273 193619
13257641112233 11 27723 166322
13265741112323 11 45840 275023
13265742131312 11 39153 234895
13267451122211 11 34057 204323
13267451311133 11 28559 171328
13267541111132 11 36323 217914
13267541232212 11 33135 198790
13274651112323 11 40468 242792
13275461112233 11 30515 183066
13275463213211 11 30170 181001
13275641112233 11 36851 221077
13275641112323 11 45863 275152
13275642131333 11 34758 208531
13275643212221 11 37216 223273
13276451113211 11 40030 240157
13276451233133 11 39833 238972
13276541133122 11 29584 177478
13276541213312 11 39745 238443
13276541321123 11 29675 178024
13276541322311 11 38204 229195
13276541323112 11 24962 149746
13276541323322 11 26046 156253
13276542323312 11 29734 178382
13276543323122 11 28742 172433
13462571111111 11 32096 192554
13462572213311 11 26695 160156
13527461211113 11 31838 191007
13542671231231 11 25443 152633
13546271213213 11 28464 170763
13546271231231 11 36672 220005
13546271321321 11 31519 189092
13572641122133 11 40502 242995
13576241312213 11 39485 236898
13576241321321 11 31660 189935
13627451332112 11 28234 169386
13642571221223 11 37505 225009
13642571223221 11 37435 224584
13642573221221 11 42430 254559
13645271221331 11 26373 158214
13647521111111 11 30951 185678
13675241112323 11 33857 203123
13675242331313 11 30446 182655
13725642332132 11 31322 187911
13754262123323 11 60327 361942
13762451321321 11 26399 158367
13764251211311 11 24286 145683
13764252323231 11 28111 168643
13765422121211 11 37620 225702
14263751131121 11 28356 170118
14267351321321 11 28664 171959
14275633323122 11 30576 183432
14325671111111 11 104822 628911
14325672112121 11 27797 166764
14325672231323 11 28773 172621
14325672323222 11 28074 168419
14325673123232 11 28694 172143
14325673232333 11 26959 161724
14325673311131 11 32667 195985
14327652131213 11 31262 187553
14327653121213 11 33241 199432
14352672212111 11 29940 179615
14356721112323 11 31152 186893
14356721322233 11 36404 218405
14367252322232 11 28819 172890
14367523311113 11 50628 303752
14523672121313 11 32131 192766
14523673121312 11 38763 232567
14527631121311 11 29827 178938
14527631131211 11 28734 172381
14527631133311 11 27763 166541
14527631211131 11 31396 188357
14527631311121 11 30967 185775
14527632122213 11 31266 187571
14527632212111 11 31769 190591
14527632333332 11 37386 224298
14527633132322 11 29000 173977
14527633312133 11 29896 179352
14536273311311 11 33412 200454
14537622231323 11 29491 176925
14563272323222 11 27222 163311
14567231312213 11 39530 237164
14567231321123 11 33745 202451
14573261333111 11 32211 193244
14625731111111 11 40304 241801
14625731131121 11 31981 191864
14625731322233 11 28830 172950
14625732112121 11 30288 181708
14625732113321 11 33788 202710
14625732213323 11 28515 171063
14625732233111 11 31371 188201
14625733133111 11 28243 169435
14632571111111 11 49328 295947
14632571321132 11 29098 174568
14652733321331 11 31414 188460
14673251111111 11 39321 235905
14723651111213 11 28481 170868
14723651111312 11 36216 217281
14723651112131 11 28705 172215
14723651113121 11 27519 165090
14723651211212 11 26193 157133
14723652322121 11 24412 146448
14723652331232 11 30121 180703
14723653232222 11 27365 164167
14723653313111 11 28386 170289
14723653321313 11 34726 208340
14725361111111 11 32604 195604
14725361111123 11 28380 170260
14725361322332 11 30460 182738
14725362211121 11 35279 211653
14725363211213 11 27552 165291
14725363213121 11 26708 160221
14725363223213 11 28081 168464
14725363311113 11 35940 215608
14726531223122 11 31281 187667
14726531232122 11 31335 187991
14726531233313 11 27908 167430
14726531333312 11 25967 155784
14726532232313 11 32275 193633
14726533323122 11 27290 163714
14735621221112 11 28174 169025
14735621223113 11 25996 155954
14735621223332 11 41159 246936
14735621233112 11 34637 207796
14735621323112 11 32966 197770
14735621332112 11 25534 153176
14735621333111 11 27252 163484
14735621333222 11 25532 153169
14736251111132 11 30512 183051
14736251112332 11 28084 168484
14736253222223 11 28445 170660
14736521132222 11 30823 184909
14736521133131 11 30399 182370
14736521211212 11 29145 174847
14736521213333 11 29829 178947
14736521221313 11 30844 185050
14736521321231 11 41759 250545
14736521322233 11 27845 167050
14736521332121 11 35066 210375
14736523112222 11 30989 185912
14736523113131 11 29216 175271
14752363222121 11 26843 161034
14752363232222 11 34564 207358
14752363233131 11 30763 184545
14752631111111 11 38188 229109
14752631112311 11 31668 189982
14752631323223 11 28068 168381
14752632332132 11 27123 162714
14752633213223 11 27627 165744
14752633222223 11 29468 176787
14752633223123 11 28519 171090
14752633223231 11 30948 185664
14753261221112 11 27927 167538
14753261323112 11 34645 207855
14753261333111 11 27984 167879
14762351221331 11 32089 192513
14762351321231 11 34447 206665
14762351331221 11 26305 157798
14763251221223 11 49255 295508
14763251222312 11 45755 274506
14763251332331 11 43188 259105
14763251333123 11 40806 244814
14763252322121 11 39571 237397
14763253132232 11 38871 233203
14763253133132 11 38837 232995
14763253133222 11 42096 252559
14763253133231 11 40731 244356
14763253221221 11 39171 235001
14763253222112 11 44924 269524
14763521113211 11 31006 186009
14763521113223 11 28339 170015
14763523222331 11 23902 143386
14765231111213 11 30687 184095
14765231111312 11 32005 192007
14765231112131 11 29902 179388
14765231113121 11 27351 164080
14765231133131 11 27628 165740
14765232211211 11 28193 169138
14765232232322 11 27961 167740
14765232331313 11 28009 168028
14765233113131 11 26418 158479
14765233323332 11 28199 169184
15236471111111 11 36245 217449
15236473231121 11 25243 151439
15243671331221 11 28333 169973
15246371331332 11 38994 233941
15246371332331 11 37735 226384
15246372331331 11 37280 223657
15267431223113 11 28439 170606
15273641112323 11 35373 212211
15324673113311 11 48622 291714
15342671211311 11 24280 145647
15346271321321 11 26005 156005
15367421211113 11 34517 207085
15367421223113 11 25733 154373
15367423211123 11 29863 179152
15426371111111 11 32113 192656
15426371112233 11 28294 169747
15463271313113 11 31460 188738
15624732123212 11 38405 230414
15624732133313 11 32003 191990
15624732333332 11 30053 180297
15627431223113 11 25727 154337
15627431322113 11 35284 211680
15627431332112 11 26226 157332
15634722123332 11 40827 244943
15634722321233 11 29621 177708
15637423211123 11 33298 199772
15642371111111 11 68038 408215
15642372213311 11 29149 174869
15642372231332 11 30039 180207
15642372331322 11 27973 167814
15642373212311 11 28574 171427
15642373221323 11 30309 181839
15642373231223 11 34288 205711
15643271221331 11 27587 165503
15643271331221 11 29276 175637
15643273223111 11 25948 155659
15647233213232 11 25896 155354
15672341113232 11 33481 200869
15672341323112 11 26539 159219
15672342323312 11 30546 183256
15672343213232 11 25926 155524
15672433312133 11 36596 219555
15724362212132 11 35349 212078
15724631111111 11 33217 199273
15724631211311 11 27022 162115
15724631322233 11 30531 183164
15724632123233 11 38200 229183
15724632313223 11 28248 169474
15724632323231 11 31347 188056
15724632323333 11 31137 186798
15724633132322 11 26179 157047
15734622331223 11 31275 187621
15746321111111 11 41849 251070
15746321323211 11 25009 150030
15746322313112 11 23486 140895
15762342122213 11 43511 261044
15763241111111 11 37167 222981
15763242323132 11 26597 159555
16243571132132 11 26486 158894
16243571231231 11 28578 171433
16243571321321 11 27387 164304
16245371231231 11 29611 177644
16254733312223 11 51221 307304
16257431132111 11 30167 180975
16257433223123 11 25563 153363
16273541122133 11 43294 259737
16273541321321 11 38239 229408
16275341312213 11 36078 216455
16275343122221 11 29538 177209
16327453232333 11 27743 166436
16342571331221 11 29292 175734
16345271111111 11 63464 380766
16345271133131 11 28570 171394
16345271222111 11 31181 187068
16345272322232 11 30126 180738
16345272333212 11 27427 164542
16345273122323 11 33445 200646
16345273233323 11 35881 215264
16347252131312 11 40452 242685
16347253121312 11 38278 229644
16357421223113 11 29541 177234
16374521112323 11 31309 187838
16374523211123 11 27865 167163
16423572112121 11 33177 199041
16427531211311 11 26631 159763
16427531231321 11 29387 176304
16427532333233 11 48430 290557
16453271111111 11 40224 241315
16453271211113 11 26855 161099
16453272111131 11 27155 162901
16475233132313 11 40008 240031
16523473332323 11 27551 165286
16523741112212 11 32256 193511
16524731112212 11 37272 223617
16524731112233 11 32019 192097
16524731113133 11 31693 190132
16527341111111 11 31502 188985
16527431123333 11 46644 279844
16527431222132 11 48474 290824
16527431312222 11 52606 315611
16527431333213 11 41631 249761
16527432113333 11 42259 253533
16527432211322 11 48770 292592
16527432231122 11 43843 263041
16527432231332 11 41835 250986
16527432331322 11 44704 268200
16527432333113 11 43519 261086
16527433312133 11 42711 256236
16532471111222 11 35741 214421
16534271111111 11 35354 212101
16534271111132 11 26373 158206
16534273211111 11 33137 198805
16534723211123 11 43299 259779
16537421111222 11 29213 175248
16537421113322 11 29476 176833
16537421113331 11 31029 186152
16537421223113 11 25728 154341
16537421233112 11 36198 217167
16537421332112 11 26068 156377
16542371221331 11 24521 147099
16542371331221 11 27173 163014
16542372112331 11 37847 227061
16543271221223 11 51711 310235
16543271223221 11 38505 231008
16543271331332 11 41734 250382
16543271332331 11 42147 252857
16543272331331 11 39020 234086
16543273221221 11 41609 249626
16543721111111 11 32278 193642
16543721113211 11 26443 158634
16547233332323 11 30423 182520
16547321113331 11 38072 228415
16572431111111 11 36524 219126
16572433213223 11 26255 157502
16573241123123 11 30691 184119
16573241312312 11 27620 165691
16574231113133 11 32411 194450
16723451122133 11 32510 195043
16723451322311 11 28785 172693
16725431121311 11 27542 165228
16725431131211 11 28424 170523
16725431211122 11 28677 172049
16725431211131 11 35261 211545
16725431311121 11 26656 159909
16725432211121 11 31560 189338
16725432232223 11 27710 166234
16725433113311 11 28400 170375
16725433122212 11 26815 160868
16725433333232 11 25510 153034
16735242122213 11 38339 230013
16742352232313 11 34176 205037
16743252323222 11 27976 167831
16745232121313 11 32736 196402
16745232122222 11 30431 182562
16745233121213 11 30061 180342
16745233333313 11 43567 261390
16753241221112 11 33181 199068
17246351111111 11 31385 188282
17265433111313 11 47693 286134
17324561211323 11 32976 197829
17324561232332 11 24024 144123
17326452212111 11 50693 304137
17356241212313 11 24435 146579
17356242211331 11 38728 232340
17362451211311 11 23993 143938
17362451231321 11 26969 161796
17362452213311 11 41478 248848
17364251231231 11 32159 192934
17423653213232 11 27279 163649
17425631122112 11 29315 175865
17425631223113 11 26286 157694
17425631313113 11 28523 171113
17425631322113 11 33557 201316
17425631322332 11 39438 236602
17425631323112 11 33940 203620
17425631323223 11 27621 165706
17425631332112 11 26951 161678
17426531112233 11 29281 175672
17426531121212 11 33002 197991
17426531132312 11 32297 193759
17426531213123 11 35190 211119
17426531223221 11 25903 155382
17426531232233 11 41161 246948
17426531313131 11 33122 198709
17426531331332 11 27171 163006
17426532121211 11 30124 180716
17426532331331 11 29821 178891
17435622211133 11 39504 237006
17435623211123 11 42563 255360
17436521323232 11 25978 155855
17452363213232 11 26193 157134
17452363322132 11 26385 158281
17452633213232 11 33815 202876
17453262211133 11 30051 180278
17462352213311 11 31242 187425
17463251122112 11 28948 173664
17463251221331 11 24400 146372
17463251313113 11 28105 168602
17463251321231 11 30354 182098
17463251323112 11 34628 207750
17463251331221 11 25916 155472
17526431131121 11 29114 174674
17526431231321 11 30672 184008
17526432123233 11 40596 243564
17543261111111 11 41441 248620
17543261132111 11 26375 158219
17642531111111 11 31287 187694
17642531112233 11 37535 225188
17642533312211 11 26714 160264
17643251122112 11 31629 189756
21345671111111 11 38999 233961
21345762223322 11 46577 279445
21345762312323 11 36798 220769
21345762313223 11 33084 198482
21345763332233 11 35500 212978
21346752313322 11 39614 237665
21347562312323 11 49560 297337
21354671122112 11 28925 173521
21354671131313 11 35651 213894
21354671221112 11 29418 176488
21354672311123 11 32595 195559
21354672311132 11 35740 214421
21354672313211 11 101181 607070
21354673131113 11 35470 212798
21354761112233 11 30242 181424
21354761112311 11 28224 169321
21354761113211 11 31310 187837
21354761113322 11 28659 171930
21354761122211 11 37593 225532
21354761133311 11 31544 189239
21354762213311 11 26400 158374
21354763312211 11 28201 169183
21357462311111 11 39043 234234
21357463213331 11 36116 216673
21357642221132 11 37660 225940
21364752311111 11 33792 202735
21364753212212 11 31816 190870
21365742221312 11 27603 165597
21365742312323 11 33402 200396
21367451311331 11 28640 171815
21367452112112 11 28129 168746
21374653333121 11 31309 187833
21375462312233 11 30708 184230
21375463333211 11 33296 199760
21376541111123 11 30044 180238
21376541112311 11 29008 174030
21376541122211 11 39456 236715
21376541131133 11 30721 184300
21457631321123 11 40955 245711
21473563331312 11 36590 219531
21536742222131 11 36056 216318
21654372231323 11 31739 190424
21654372233321 11 28977 173847
21654373332122 11 28516 171066
21654373332221 11 28309 169835
21734652123131 11 27834 166978
23147562123131 11 40274 241632
23147651112323 11 33239 199417
23147652312323 11 28960 173736
23156471222132 11 31145 186844
23156471333132 11 26385 158280
23156473323332 11 29290 175720
23157461231333 11 33021 198105
23157462131123 11 41197 247164
23164573213133 11 33007 198010
23164752131312 11 31525 189133
23164753333313 11 30683 184074
23165471111111 11 33359 200127
23165471311133 11 30135 180784
23165471312132 11 28031 168161
23165472111122 11 31456 188718
23165472111332 11 26905 161400
23165472132332 11 30948 185658
23165472311111 11 28809 172834
23165473233221 11 34095 204547
23165741112323 11 41800 250787
23165741231312 11 38006 228022
23165742123131 11 37716 226287
23165742131321 11 46465 278776
23165742131333 11 54349 326085
23165742312323 11 37610 225629
23165743331312 11 54496 326964
23167541233322 11 31623 189725
23167542131222 11 31286 187697
23174652123131 11 32744 196444
23175463211222 11 34168 204994
23176452132221 11 31464 188758
23176453332233 11 33492 200932
23416752121211 11 42330 253968
23417563232123 11 27979 167853
23456173212332 11 24340 146021
23456173233122 11 31086 186496
23456713212332 11 25311 151835
23475162121112 11 39641 237822
23517462131333 11 42665 255977
23576412233321 11 28264 169562
23576412312323 11 27133 162773
23657142121112 11 42968 257788
23671452122333 11 59121 354709
23674153232321 11 25606 153608
23751461132123 11 24458 146720
23751463112321 11 24731 148359
23756143222331 11 30860 185147
23756411222312 11 38127 228732
23756413222112 11 39857 239118
23756413223312 11 38220 229293
23756413322312 11 40022 240111
24153672321233 11 31347 188063
24157361313212 11 28606 171612
24157362323111 11 28190 169121
24167353132232 11 41376 248241
24173652323231 11 26106 156612
24315673311311 11 49484 296892
24315761122322 11 34400 206384
24315762213323 11 31407 188419
24351671212211 11 39411 236453
24351673111133 11 40111 240655
24351673311311 11 46434 278583
24351761111123 11 47501 284986
24351761212232 11 33512 201057
24367511323112 11 35070 210401
24367513111121 11 26235 157383
24376512222122 11 43019 258095
24516732233111 11 32042 192228
24531673123121 11 35832 214973
24536713231232 11 31904 191406
24537613231322 11 41502 248991
24561372111131 11 31293 187732
24563711121212 11 39737 238407
24563712121232 11 40052 240297
24563713121222 11 51355 308118
24571362221213 11 37037 222197
24571631121212 11 36936 221592
24615371112332 11 29674 178023
24615372213311 11 56248 337469
24615731122313 11 39034 234193
24615731132333 11 53481 320875
24615732111323 11 47200 283192
24615732213311 11 32209 193232
24615732233321 11 38286 229697
24615733113323 11 55017 330088
24615733311122 11 33595 201549
24617532233321 11 42747 256453
24637512311132 11 40059 240330
24651731113223 11 31261 187553
24651731333333 11 28151 168891
24715363311332 11 33703 202203
24715631111111 11 35611 213652
24715631122121 11 35342 212025
24715631122133 11 28465 170763
24715632313223 11 25802 154785
24715633112111 11 25388 152302
24715633131131 11 34440 206614
24716532323231 11 39966 239773
24731561111111 11 49752 298494
24731562311231 11 28946 173654
24736512222332 11 41597 249564
24751362221231 11 51472 308811
24751362321113 11 62025 372129
24761531221223 11 40237 241401
24763151111111 11 33235 199386
24765313222112 11 33903 203392
25134672233321 11 28023 168111
25134672312323 11 26914 161463
25134672313211 11 36090 216521
25137461111111 11 36281 217662
25137461211323 11 24964 149751
25163741112323 11 33014 198057
25314673111313 11 67247 403459
25314673111331 11 64233 385381
25314673131311 11 66425 398536
25341673113311 11 55557 333324
25341762313223 11 46968 281785
25364172311231 11 51265 307568
25364173223231 11 24249 145466
25367411211122 11 34303 205791
25413672323111 11 51619 309695
25413763121222 11 35859 215132
25436711311313 11 30327 181938
25436712123122 11 28208 169224
25436712123332 11 31250 187470
25436712132122 11 30901 185387
25436712323231 11 28184 169075
25436713232321 11 30307 181811
25436713332122 11 28740 172420
25463713212332 11 31809 190833
25471362323132 11 30045 180247
25471631312213 11 45197 271165
25631741212121 11 55393 332340
25634713321232 11 34922 209510
25641371213132 11 33705 202212
25714632123131 11 35981 215864
25714632223331 11 31915 191473
25714632313211 11 89281 535671
25714633121333 11 34886 209296
25716431212223 11 33581 201466
25716433223213 11 31684 190078
25731642232211 11 55754 334499
25734162221111 11 31641 189819
25734613113323 11 42855 257115
25736141111123 11 38052 228293
25736141233232 11 36045 216257
25736411133113 11 34390 206318
25736411231321 11 31038 186216
25736411321312 11 26460 158736
25736411331113 11 32854 197102
25736413123112 11 27575 165432
25741361232113 11 38125 228734
25741632222323 11 32187 193106
25741632312323 11 29032 174177
25743611233232 11 30037 180200
25763142223133 11 36570 219400
25763411332322 11 27754 166504
26135742132221 11 34693 208148
26135742213323 11 31988 191899
26135742332312 11 33066 198374
26153471122121 11 32567 195378
26153473131131 11 29564 177359
26153473132121 11 28830 172949
26154372332213 11 64045 384249
26175432331133 11 35344 212043
26317451212211 11 51327 307950
26345711223113 11 23930 143550
26371453112111 11 28184 169082
26415731322323 11 27762 166554
26415732121223 11 27640 165825
26415732233321 11 34268 205586
26435712222122 11 50632 303775
26435712233321 11 37421 224507
26435712311132 11 35717 214281
26435712322322 11 47119 282703
26435713311122 11 35266 211572
26435713333133 11 42885 257291
26437512122312 11 31489 188918
26453172211133 11 34838 209008
26453711333333 11 31359 188131
26513471122121 11 33224 199323
26517343333313 11 40443 242636
26534713333313 11 43430 260555
26543171111111 11 32899 197365
26543171123111 11 26680 160047
26547313131323 11 43325 259938
26573413331312 11 35783 214669
26714531212133 11 34671 208008
26714532121133 11 37465 224773
26715433231322 11 31959 191735
26741351232113 11 27721 166294
26743512121232 11 43282 259680
27134561131133 11 32116 192671
27154632311132 11 28886 173290
27314652313211 11 35153 210899
27365412321212 11 41794 250749
27415363131113 11 40459 242731
27415632323231 11 34601 207583
27415633321322 11 42692 256133
27416532133232 11 28800 172778
27416533321232 11 34977 209836
27435612122222 11 31074 186430
27453161123111 11 25668 153986
27453161132111 11 30117 180694
27456133132223 11 32695 196154
27516341111111 11 31648 189849
27534161111111 11 31480 188851
27534161111123 11 41803 250795
27534162311111 11 29131 174768
27534612311132 11 34080 204460
27536412332312 11 31500 188980
27543611111123 11 36988 221912
27543611111132 11 26280 157649
27546312231122 11 55421 332504
27613543333133 11 40543 243232
27614353311332 11 35195 211151
27615431312333 11 38347 230065
27615432113321 11 40574 243416
27615433313213 11 28208 169214
27634511131133 11 31655 189905
27634512233321 11 29632 177768
27643513311233 11 45899 275381
31246753312211 11 39137 234804
31247651113232 11 28175 169038
31247651323232 11 33261 199548
31256471231222 11 31511 189045
31257462222221 11 37563 225362
31257462312311 11 31093 186545
31257643311122 11 32681 196067
31264572122213 11 32192 193131
31264573132313 11 30976 185839
31264573222223 11 31805 190811
31264752132122 11 31995 191945
31264752313121 11 34068 204392
31265471111111 11 40524 243126
31265471122112 11 28456 170713
31265471122133 11 32571 195399
31265471312213 11 28940 173620
31265471313113 11 26870 161197
31265471321111 11 25322 151909
31265472233321 11 40605 243612
31265472312233 11 28940 173617
31265741233331 11 39988 239902
31267542222233 11 37415 224470
31267542313133 11 40578 243444
31275461112233 11 41219 247289
31275461322233 11 41616 249683
31275462133211 11 34747 208457
31275462223211 11 34903 209399
31275462311213 11 36611 219659
31275462312212 11 36974 221822
31275463311122 11 39765 238566
31276452133322 11 28663 171958
31276452313313 11 33709 202235
31452671323211 11 23844 143043
31452671332232 11 25282 151668
31452672322331 11 25401 152387
31456722111221 11 31914 191462
31462751111111 11 34200 205181
31462751113322 11 29378 176249
31475261322233 11 30697 184167
31475262331313 11 36748 220472
31475262333221 11 30550 183287
31524673332122 11 43299 259778
31527643332122 11 25577 153433
31564272212111 11 48972 293812
31564272213311 11 28404 170401
31564273113311 11 31029 186148
31572461122133 11 31640 189815
31624751112233 11 26924 161524
31624753312211 11 26404 158395
31627452221333 11 40692 244134
31654272313322 11 44636 267791
31754621331122 11 39272 235610
31765242322121 11 38329 229951
32145671111111 11 53840 323022
32145671123333 11 31026 186133
32145671132222 11 29087 174505
32145671221112 11 31193 187134
32145671333333 11 30956 185715
32145672113333 11 29171 175005
32145672212222 11 29563 177355
32145673112222 11 26378 158244
32145673311113 11 30136 180790
32146751232323 11 29950 179682
32146752232223 11 36829 220949
32147562313223 11 26405 158407
32147562333233 11 47308 283824
32147651123333 11 46104 276603
32147651132222 11 42025 252126
32147651213333 11 47507 285017
32147651312222 11 43761 262549
32147652113333 11 42597 255564
32147652231332 11 41277 247641
32147652233213 11 54437 326606
32147652331322 11 44780 268654
32147652332213 11 52671 316013
32147653112222 11 42884 257286
32156471111111 11 34461 206751
32156471113211 11 27391 164320
32156471232332 11 25223 151311
32156472312332 11 26629 159749
32156472332132 11 26223 157315
32156472332321 11 28827 172946
32156472333332 11 29826 178935
32156473223123 11 24467 146773
32156741112323 11 50030 300152
32156742311123 11 26946 161657
32156742313223 11 31937 191606
32156742333131 11 27046 162247
32157641232323 11 30116 180676
32157642231323 11 30352 182090
32164571111111 11 37520 225101
32164571111231 11 26103 156592
32164571232323 11 26865 161161
32164572232223 11 32003 192000
32164572232313 11 31941 191624
32164572233321 11 31169 186991
32164572312323 11 30077 180433
32164573323212 11 28453 170689
32165741111111 11 45046 270264
32165741111132 11 29009 174039
32165741233223 11 27874 167220
32165742211112 11 36537 219204
32165742331112 11 26864 161151
32165743311131 11 28458 170713
32167451111111 11 37707 226217
32167451213333 11 30012 180053
32167451222222 11 28836 172997
32167451312222 11 28649 171868
32167451333111 11 27700 166174
32167452211121 11 29635 177787
32167453222313 11 25560 153329
32167453313333 11 29577 177443
32167453321232 11 29153 174889
32174561112323 11 36551 219288
32174561232113 11 38101 228586
32174561232233 11 33668 201993
32174562231212 11 30531 183156
32174652312332 11 26157 156926
32174652332132 11 26686 160095
32175461111111 11 38671 232002
32175461113112 11 26752 160486
32175461221112 11 27665 165967
32175461333111 11 28555 171301
32175462233111 11 30146 180847
32175462312323 11 40073 240406
32416753121222 11 47239 283424
32417562113321 11 45202 271202
32417652132131 11 27901 167391
32417653132121 11 24236 145386
32451762331121 11 24716 148268
32456173212332 11 31682 190068
32456711233133 11 59944 359643
32465172112121 11 30644 183834
32465172132131 11 25099 150565
32465172133121 11 26280 157661
32465172332321 11 29405 176414
32465173123121 11 27561 165342
32465173132121 11 28364 170157
32465173133111 11 30695 184143
32465173233221 11 32838 197010
32475161232323 11 33492 200926
32475163331222 11 34404 206398
32476513232231 11 29145 174848
32517463131311 11 47262 283563
32546713323212 11 31869 191195
32547611121113 11 29610 177649
32547611131112 11 27492 164920
32547611213111 11 28111 168644
32547611312111 11 29437 176600
32547612111311 11 28619 171691
32547613111211 11 28102 168589
32561471113133 11 32319 193884
32561471121311 11 28985 173887
32561471122211 11 31339 188007
32561471131211 11 29253 175497
32561471211131 11 37074 222419
32561471311121 11 29661 177932
32561472133313 11 28128 168742
32561472213122 11 28020 168090
32561473222223 11 26530 159159
32561473323212 11 26895 161345
32567412122222 11 30866 185166
32567412131312 11 38210 229241
32567412222212 11 46959 281724
32567413131212 11 30320 181900
32567413133333 11 37146 222857
32576142313223 11 30304 181807
32615473332122 11 31228 187347
32647152133121 11 35582 213470
32647153132121 11 24414 146465
32647512333233 11 49509 297033
32657143121213 11 37261 223551
32657412111212 11 36627 219735
32671453123313 11 38339 230026
32674152113333 11 44292 265739
32714652332132 11 28237 169394
32716452123212 11 42254 253515
32741651121311 11 38744 232441
32741651131211 11 30628 183745
32741651211131 11 28512 171053
32741651311121 11 29642 177836
32741652111113 11 31242 187431
32741653111112 11 31209 187239
32745611223332 11 27232 163374
32745612313322 11 31727 190350
32745612322331 11 26548 159269
32751643321232 11 32811 196850
32754163211123 11 28252 169486
32756141233121 11 33548 201274
32761452121313 11 31174 187027
32761452122222 11 33129 198751
32761452222212 11 31049 186281
32761453121312 11 43458 260730
32761453133333 11 31746 190452
32765411112221 11 30817 184878
32765411121113 11 27955 167704
32765411131112 11 26664 159967
32765411133113 11 29156 174901
32765411331113 11 29126 174727
32765412221312 11 27705 166211
32765412323222 11 28804 172809
32765413122212 11 26453 158696
32765413223312 11 26262 157549
32765413231223 11 31230 187357
32765413322312 11 25953 155686
34125672131213 11 29827 178943
34125672131312 11 33173 199024
34125672221222 11 31097 186568
34125673133333 11 34092 204535
34127651121113 11 27850 167080
34127651131112 11 27516 165067
34127651213111 11 28276 169636
34127651312111 11 29534 177184
34127652111311 11 27751 166490
34127653111211 11 27976 167831
34162752132212 11 56823 340918
34165271112212 11 34018 204087
34165271121311 11 31463 188765
34165271131211 11 29472 176810
34165271211131 11 36201 217189
34165271311121 11 27655 165904
34165271311133 11 30436 182590
34165272323333 11 28376 170230
34165273133312 11 35568 213386
34165273222322 11 25459 152728
34165273311131 11 27961 167740
34167252213323 11 32456 194709
34172562132332 11 32080 192464
34172562313331 11 34345 206045
34175263321232 11 32979 197849
34216572213122 11 44345 266057
34261572132131 11 24922 149505
34261572133121 11 26164 156963
34261573123121 11 26735 160385
34265712212132 11 41586 249490
34275161312213 11 31173 187011
34275162112322 11 29997 179959
34275162213221 11 32973 197816
34516271111111 11 32285 193694
34516272312332 11 35269 211586
34516722313223 11 39556 237318
34517622231323 11 33073 198419
34521672223232 11 30619 183693
34526713232312 11 28226 169327
34527612211322 11 46466 278771
34527612231122 11 45233 271379
34527612231332 11 49595 297559
34527612331322 11 45202 271190
34527613312133 11 46038 276213
34561272122123 11 43029 258156
34561272122321 11 44916 269473
34561272212213 11 54592 327539
34561272213122 11 44657 267921
34561272232211 11 52760 316544
34561273221233 11 42647 255861
34561273233131 11 42239 253412
34561273311233 11 44271 265609
34561273313321 11 50484 302886
34561273321133 11 46038 276199
34561273321223 11 43272 259608
34561721111111 11 34977 209843
34562171321111 11 28180 169056
34562171321231 11 27520 165093
34562172232313 11 36372 218213
34567212223232 11 35677 214045
34617252111212 11 39095 234545
34617252123212 11 38727 232341
34617252132212 11 41362 248154
34617522221333 11 36838 221002
34621572132131 11 29153 174896
34625172111212 11 41864 251163
34627512232313 11 29481 176861
34651271123111 11 28788 172704
34651272332132 11 27473 164817
34675212222122 11 42770 256609
34715262221123 11 42004 252003
34716522223211 11 37388 224313
34721652121313 11 40100 240586
34721652131213 11 36338 218009
34721652221222 11 40612 243655
34721652222212 11 38175 229031
34721653333313 11 35862 215148
34725611212211 11 31829 190954
34725612111113 11 27412 164452
34725612121322 11 31701 190188
34725612231212 11 31778 190646
34725612231332 11 27853 167106
34725612322232 11 29766 178565
34725612331322 11 29394 176344
34725613111112 11 30126 180738
34725613111133 11 29246 175456
34725613132223 11 29408 176419
34725613311113 11 29327 175940
34761252323222 11 27750 166472
35126741232212 11 35141 210830
35126742231233 11 35021 210113
35127462331331 11 36876 221236
35162472122231 11 27979 167853
35162472123233 11 35784 214683
35162473122221 11 27517 165084
35162473323131 11 28009 168029
35162473332122 11 31110 186631
35162473332131 11 27738 166404
35162742213323 11 36070 216396
35167242132212 11 35244 211443
35172461232323 11 33459 200740
35174262213131 11 41982 251877
35174262231113 11 36958 221728
35246171111111 11 31264 187553
35246171113322 11 27150 162876
35246172213311 11 30248 181471
35267141223233 11 25600 153578
35267141321132 11 53477 320840
35271461322233 11 27737 166406
35416721113112 11 27698 166167
35416723232213 11 37438 224615
35417622223133 11 40541 243218
35426712131132 11 31036 186194
35426712311312 11 27474 164817
35426713111313 11 32932 197565
35426713131113 11 29836 178991
35426713312211 11 31452 188690
35461271111231 11 32252 193494
35461271321231 11 27482 164871
35461272222323 11 28541 171218
35462171131313 11 30545 183256
35462171212121 11 31988 191904
35462171221223 11 26300 157779
35462171332331 11 29471 176798
35462172213311 11 31477 188840
35462172223331 11 28726 172334
35462172312131 11 27848 167064
35462173123211 11 29241 175422
35462173131311 11 32650 195876
35462173221221 11 31410 188437
35462712322322 11 35044 210243
35472163222313 11 28624 171718
35472163231322 11 31718 190284
35476122221111 11 32506 195011
35614722321233 11 33911 203449
35617423131332 11 30885 185297
35624712121232 11 43849 263075
35624712321212 11 51043 306249
35624712321332 11 42903 257391
35624712331232 11 43250 259483
35714623111322 11 37382 224279
35721642221213 11 57471 344808
35762142222113 11 34568 207398
36125471111333 11 29722 178315
36125471212112 11 42045 252239
36125471213111 11 27175 163023
36125471222111 11 42793 256733
36125471312111 11 28570 171405
36125472111311 11 27061 162339
36125472121223 11 25946 155651
36125473111211 11 29097 174567
36125473232222 11 31820 190894
36125473323233 11 30776 184632
36125743222331 11 49403 296403
36127451333222 11 26669 159994
36145272122222 11 36202 217187
36145272131213 11 47078 282441
36145272131312 11 32184 193083
36145273333313 11 37063 222361
36147251121311 11 30593 183544
36147251131211 11 32055 192305
36147251211131 11 33347 200067
36147251311121 11 27914 167467
36147252111113 11 35664 213961
36147253111112 11 29939 179608
36152741231312 11 39518 237103
36152742131321 11 34873 209220
36172452133133 11 41797 250759
36217452131333 11 40546 243256
36217541223311 11 23891 143316
36217543213112 11 25169 150986
36241573212332 11 26306 157815
36241753212311 11 30553 183289
36415272123212 11 37627 225738
36417522123311 11 33805 202812
36514272212111 11 46914 281465
36521472113321 11 33022 198114
36521472331121 11 27799 166772
36527411131133 11 28056 168321
36527412111113 11 27643 165840
36527412131222 11 32459 194735
36527412211322 11 32752 196493
36527412221312 11 28450 170681
36527412231122 11 28753 172497
36527412322232 11 29215 175270
36527413111112 11 29168 174981
36527413311311 11 27328 163934
36541272323222 11 27452 164686
36542712121322 11 42475 254832
36547212121313 11 35838 215014
36547212122222 11 37979 227847
36547212131312 11 38162 228948
36547212221222 11 36204 217197
36547213331333 11 32626 195736
36712542121112 11 44185 265093
36712542121121 11 41380 248263
36712542121211 11 48710 292236
36712542122111 11 43629 261754
36714252232223 11 28521 171101
36714521232113 11 39368 236200
36714522121322 11 39135 234795
36714522122213 11 31717 190284
36714523132223 11 32256 193511
36714523132322 11 31639 189805
36721451131331 11 27828 166951
36721452121322 11 31848 191067
36721452122123 11 26537 159195
36721452122213 11 31831 190958
36721452122321 11 29731 178366
36721452131111 11 29421 176501
36721452223232 11 28474 170818
36721453113113 11 30933 185574
36721453121111 11 37589 225518
36725411121212 11 46932 281576
36725411131313 11 47076 282440
36725411212121 11 47216 283277
36725411313131 11 47406 284418
36725412111212 11 50835 304982
36725412121112 11 46974 281819
36725412121211 11 48368 290186
36725412121232 11 47216 283268
36725412123212 11 50009 300029
36725412321212 11 49190 295121
36725413111313 11 54179 325056
36725413131113 11 48696 292160
36725413131311 11 56893 341352
36741252122123 11 47547 285256
36741252122321 11 44396 266348
36741252122333 11 42885 257288
36741252123323 11 45911 275441
36741253233131 11 45257 271520
36745211211221 11 25921 155497
36745212121223 11 27047 162257
36745212122312 11 33796 202763
36745212122333 11 28723 172318
36745212123323 11 32279 193652
36745212131111 11 27142 162826
36745212223232 11 28512 171048
36745213121111 11 35008 210022
36745213131131 11 26627 159733
36745213133111 11 29214 175252
36745213232213 11 27874 167218
36751243222322 11 29185 175099
36752142122132 11 31137 186800
36752142123221 11 29162 174954
36752143132232 11 25931 155562
36752143133222 11 31572 189412
36752143211132 11 29469 176794
36754123232222 11 50596 303561
37246511112233 11 35725 214337
37256142321233 11 33590 201518
37415622333221 11 37808 226830
37426513132313 11 43354 260106
37452162323312 11 31207 187220
37516422333311 11 29629 177755
37561241311112 11 28793 172734
37612453122233 11 29186 175097
37612542221111 11 34269 205594
37614252221123 11 37257 223513
37614521111111 11 39272 235607
37614521323232 11 25573 153412
37614522111221 11 28989 173910
37614522113321 11 32951 197687
37614522313322 11 34345 206042
37614522323312 11 28784 172674
37614523232213 11 32435 194586
37615421113322 11 36178 217048
37615422211133 11 35962 215752
37615422223133 11 36441 218629
37615422313121 11 33897 203359
37615422313331 11 36394 218347
37615423121132 11 38461 230749
37624152311213 11 37292 223731
37624511232233 11 33741 202428
37624512121322 11 38957 233724
37624512231212 11 30114 180666
37624513131323 11 32092 192534
37624513231313 11 31293 187742
37641252222323 11 33165 198968
37642152213311 11 38960 233733
37642513122221 11 33484 200888
37645122312221 11 28291 169718
37651242211133 11 40356 242111
37651422312311 11 37977 227844
37652141113232 11 27379 164250
37652143231322 11 30926 185530
37654212311222 11 35641 213828
41236753232321 11 30196 181155
41237561313131 11 42444 254649
41263751312222 11 45864 275171
41325671212211 11 30840 185018
41325762313223 11 28648 171867
41325763131233 11 27411 164442
41352671212112 11 42702 256194
41352671212121 11 44047 264267
41352671222111 11 44288 265716
41357622313112 11 24595 147546
41367253111133 11 40397 242357
41532672313211 11 54361 326151
41532761233133 11 36067 216385
41563273113311 11 32360 194136
41576322212222 11 39827 238948
41625372313211 11 86069 516402
41625373121213 11 30259 181535
41625731222231 11 35147 210870
41635721212121 11 51582 309480
41657321222312 11 32332 193969
41673252212222 11 42039 252215
41673521111111 11 34321 205908
41723562313211 11 32765 196574
41725361232113 11 37005 222012
41725361321213 11 44621 267707
41725362221213 11 38194 229156
41725362313211 11 41357 248123
41725362313223 11 41474 248822
41725363121222 11 35586 213499
41725363121231 11 34064 204365
41725631111111 11 40919 245498
41725631211122 11 31784 190684
41725632322331 11 27789 166712
41725633111133 11 30070 180397
41725633121123 11 28982 173864
41725633211111 11 33165 198973
41726352313322 11 31552 189290
41726532312233 11 39137 234801
41735261323313 11 39218 235292
41735262312233 11 36823 220925
41735263123223 11 29610 177647
41735621233232 11 30695 184140
41735622313322 11 35938 215611
41736521233232 11 36850 221085
41736522332231 11 28596 171555
41752631222123 11 27058 162321
41752632311123 11 29643 177837
41752632312323 11 27244 163448
41752632313211 11 102259 613532
41756231321213 11 42739 256422
41756233121231 11 33349 200076
41762532221333 11 37227 223347
41762533123331 11 34201 205183
41765231233232 11 30366 182177
41765322221312 11 27651 165890
41765322313211 11 59678 358048
41765323122212 11 29154 174911
42136752131312 11 39632 237774
42137561123333 11 37457 224720
42137653122131 11 28334 169982
42137653132121 11 23894 143335
42157633231322 11 37692 226138
42163751121212 11 43600 261582
42165373223123 11 23702 142185
42167532131333 11 40686 244101
42315673112111 11 25439 152610
42351671212211 11 36822 220910
42351763231133 11 53903 323397
42367153111121 11 26088 156499
42367153211123 11 28637 171798
42516372233111 11 35689 214121
42561733323122 11 25223 151312
42573612323231 11 31345 188045
42573613322231 11 29054 174305
42613572313211 11 32721 196307
42615371313332 11 52460 314743
42615372213311 11 41821 250907
42615372221213 11 38180 229057
42615372313211 11 42664 255971
42651372213311 11 27711 166248
42651733311122 11 34872 209213
42673512232133 11 38289 229710
42751632321233 11 37169 222999
42751632323231 11 29698 178164
43126572133313 11 40039 240209
43167251232212 11 33792 202727
43176252123131 11 28201 169176
43176252311132 11 29998 179961
43216573132121 11 24982 149873
43216573132223 11 28001 167987
43216573212311 11 27465 164772
43216573212332 11 39476 236836
43512671313332 11 31619 189691
43527612312323 11 26663 159949
43561271111111 11 30100 180578
43571262122222 11 38394 230346
43572161111111 11 35968 215786
43572612312323 11 31528 189152
43576211123222 11 33488 200916
43576212112232 11 42056 252330
43615271333312 11 28500 170979
43615272113321 11 31654 189895
43617521223221 11 41501 248988
43621752213323 11 41672 250008
43651722323132 11 30338 181996
43675122222122 11 47423 284521
43675211221331 11 31835 190978
43721653231313 11 36572 219410
43751623123313 11 36960 221747
43765212222122 11 46370 278212
45167323322231 11 30475 182825
45176231131313 11 65651 393880
45176231133113 11 65465 392764
45176231331113 11 63564 381361
45176233131113 11 67413 404455
45176321131133 11 55764 334572
45213672221123 11 35461 212739
45273162222122 11 41122 246711
45276131131133 11 48702 292206
45312671222312 11 26715 160260
45312672223331 11 29801 178785
45312672233321 11 27882 167270
45312672313211 11 87662 525957
45312673132313 11 47881 287266
45312673222112 11 26568 159385
45312673231313 11 47254 283501
45312761113211 11 30641 183830
45312761133311 11 29255 175508
45312762221111 11 35862 215151
45312762311111 11 29380 176259
45321671212211 11 32081 192473
45321671221121 11 32062 192343
45321673113311 11 53198 319164
45327612222323 11 34242 205430
45362712122222 11 40656 243914
45367122223133 11 34805 208810
45367211111132 11 30921 185510
45367211211122 11 32730 196362
45367213111133 11 33228 199345
45376121131133 11 51492 308934
45376121331311 11 37671 226012
45376211333123 11 30494 182946
45376213131323 11 48388 290314
45376213333322 11 28252 169491
45612371133221 11 32088 192502
45612372331121 11 27090 162509
45612373112231 11 27795 166746
45612373132121 11 26528 159149
45612373132223 11 29245 175446
45612373322111 11 25663 153948
45612373332122 11 27357 164121
45612373332221 11 27579 165453
45613271331221 11 31263 187549
45613272233111 11 39379 236256
45621373123331 11 34425 206535
45621373211111 11 42980 257860
45621732212123 11 35861 215154
45621732233333 11 34369 206205
45623712332123 11 25216 151279
45623713322321 11 24162 144943
45637123132121 11 27775 166630
45637123332122 11 24343 146033
45671231132231 11 24723 148322
45671233112132 11 26583 159464
45673212212132 11 31957 191726
45673213211222 11 32647 195867
45713623223132 11 26315 157871
45721363321313 11 30578 183436
45721363322231 11 29514 177066
45732612233321 11 26596 159556
45736121122211 11 43224 259331
46123571111111 11 32357 194115
46123573232123 11 39599 237578
46125731333123 11 31795 190745
46127351131313 11 39930 239555
46127352131333 11 44898 269371
46127353131323 11 48264 289564
46135272133313 11 37691 226123
46153273131131 11 45625 273739
46157233333232 11 27833 166983
46157321331233 11 33239 199416
46215372121223 11 29449 176675
46215372313211 11 51067 306379
46257132211133 11 36244 217447
46257313312211 11 56683 340079
46273512122312 11 29518 177092
46273513221212 11 28078 168446
46275311123222 11 34432 206576
46275312112232 11 43259 259541
46275312132212 11 38153 228901
46275312232133 11 33607 201618
46275312313211 11 41074 246431
46275313121222 11 35378 212257
46275313312211 11 40883 245273
46321752111131 11 31206 187213
46352171211233 11 25477 152838
46352172113231 11 23611 141642
46372511221331 11 34472 206806
46375211211332 11 25602 153586
46375212113111 11 28108 168633
46375212132131 11 25535 153187
46375212132221 11 28173 169019
46375212332222 11 27534 165180
46375213112111 11 34875 209226
46375213123121 11 31822 190911
46375213333121 11 25906 155412
46512371331221 11 33523 201121
46512372113321 11 36508 219018
46513272332111 11 26986 161889
46513273113221 11 26876 161233
46523711331332 11 32081 192463
46527133111121 11 26114 156657
46572311223122 11 34263 205556
46572312132122 11 27950 167677
46721533123313 11 35638 213802
47123562232133 11 38975 233826
47123651233232 11 28859 173125
47126351233232 11 39297 235763
47126532133133 11 32950 197684
47132562311111 11 31544 189234
47132563222331 11 42131 252765
47132652233321 11 31436 188597
47135622132332 11 29481 176872
47136252133112 11 41616 249678
47152361233232 11 26022 156116
47152631322131 11 33448 200662
47156231332313 11 33572 201421
47156233211132 11 32102 192592
47156233223312 11 27709 166236
47156233233113 11 32717 196285
47156233322312 11 26602 159594
47156321111111 11 33838 203005
47156321133311 11 34213 205249
47156322132311 11 29017 174081
47156322313232 11 26805 160797
47156322332132 11 25019 150081
47156322332312 11 26150 156878
47156323223123 11 28836 172980
47162351322122 11 29315 175871
47163522131222 11 28061 168344
47165321232113 11 38038 228207
47165321322131 11 55348 332070
47165322132212 11 38121 228709
47165322133112 11 43500 260981
47165322232133 11 32765 196563
47165322313211 11 42851 257093
47216352131333 11 45732 274381
47251363131113 11 44365 266168
47251632131312 11 37885 227291
47256133212311 11 28947 173657
47256133321232 11 28581 171456
47265312122222 11 30745 184451
47265312131312 11 32044 192254
47265312313211 11 85960 515742
47321651311133 11 32132 192770
47352612123131 11 27602 165587
47352612311132 11 28430 170561
47352612313211 11 53730 322362
47512632312323 11 27295 163750
47621532232331 11 25032 150166
47621533231121 11 26137 156789
47632152233321 11 26572 159409
47632153212311 11 32667 195976
47632153232321 11 30061 180340
47632513212332 11 42073 252417
47652132231323 11 32610 195644
47653213211231 11 40779 244652
47653213232111 11 23871 143198
51264731113322 11 27635 165785
51264732213311 11 26059 156329
51267342312233 11 45981 275875
51324671211122 11 29983 179876
51324672212111 11 38740 232421
51324673113311 11 45654 273900
51324761111123 11 33735 202386
51324763113332 11 32491 194924
51342672212111 11 36973 221813
51342763312223 11 65541 393225
51367241211113 11 26517 159082
51423671221331 11 28054 168300
51426731111111 11 32988 197900
51426733312211 11 29933 179575
51472361131313 11 39823 238920
51472633331312 11 37789 226716
51623471321111 11 24007 144012
51623743313321 11 35276 211634
51624731312123 11 34200 205173
51624733323113 11 37281 223678
51632741323232 11 26655 159904
51642371122313 11 35856 215115
51642731113322 11 39119 234700
51647231113232 11 25646 153859
51723643131311 11 37613 225655
51724362122222 11 32573 195418
51724363121213 11 31985 191893
51726433123313 11 37944 227647
51732643121213 11 39661 237947
51742632323231 11 31360 188143
51742632323333 11 34045 204252
52134761232113 11 30104 180605
52147631121311 11 30471 182814
52147631131211 11 31817 190887
52147631211131 11 27378 164242
52147631311121 11 27955 167715
52147632111113 11 30250 181471
52147633111112 11 38991 233935
52163471112122 11 31654 189894
52163471213111 11 27188 163107
52163471312111 11 26824 160924
52163471333123 11 24808 148825
52163472111311 11 27088 162505
52163472131222 11 26620 159686
52163473111211 11 28712 172249
52163473111331 11 28370 170196
52163473221323 11 26602 159583
52163473323332 11 45648 273860
52167342121232 11 37583 225483
52167432121313 11 33803 202795
52167432122222 11 41287 247708
52167432131213 11 35955 215706
52167433133333 11 39916 239478
52167433331333 11 34246 205459
52174633223123 11 35538 213206
52314673311311 11 56298 337776
52314761322122 11 32009 192036
52341671111111 11 89648 537872
52341671122211 11 32760 196538
52341671311313 11 26603 159586
52341672211112 11 33073 198425
52341672232313 11 30733 184374
52341672323222 11 33480 200850
52341672323312 11 44005 264008
52341673133111 11 28228 169339
52341673232213 11 30119 180687
52341673232333 11 26859 161131
52341673323212 11 43226 259325
52361472121313 11 40948 245674
52361472131312 11 33851 203091
52367142211121 11 34600 207576
52367412322232 11 29042 174226
52374161112323 11 30014 180062
52376413222223 11 32460 194735
52463173212332 11 38853 233100
52463713212332 11 39010 234030
52471631223113 11 29232 175367
52471631323112 11 29975 179825
52614372313211 11 48529 291160
52641733212311 11 28399 170378
52641733232321 11 28913 173452
52673413232123 11 26984 161883
52713461232323 11 26631 159753
52714361232113 11 43986 263902
52714633213223 11 28878 173246
52714633223123 11 28915 173464
52731641233112 11 25440 152622
52731641323112 11 24522 147108
52736141322233 11 28880 173260
52741362313211 11 33347 200065
52741362313223 11 37960 227750
52741632122333 11 42705 256209
52741632123323 11 52739 316416
52741632212213 11 44676 268042
52741632212231 11 46449 278671
52741632232211 11 43295 259747
52741633221233 11 42616 255673
52741633313312 11 42036 252195
52741633313321 11 45316 271868
52741633321223 11 50116 300679
52741633323311 11 43800 262782
52743611111213 11 29067 174385
52743611111312 11 35905 215416
52743611112131 11 29044 174250
52743611113121 11 36524 219124
52743612131111 11 27690 166114
52743613121111 11 33533 201177
52761431111213 11 28846 173064
52761431111312 11 29044 174253
52761431112131 11 30222 181308
52761431113121 11 30630 183756
52761432131111 11 29421 176510
52761433121111 11 28257 169523
52763143222331 11 44632 267780
52763411222312 11 59137 354796
52763411333123 11 40244 241440
52763413222112 11 61160 366940
52763413223312 11 60996 365953
52763413322312 11 59200 355171
53126471231231 11 36065 216365
53126471231321 11 28819 172890
53126471321321 11 30849 185064
53146272123233 11 40757 244517
53147262123131 11 28371 170205
53162743312223 11 66426 398529
53274163211222 11 36927 221536
53421671321111 11 37937 227602
53421671321231 11 25280 151654
53426171112233 11 29244 175444
53462711113322 11 38110 228643
53467211321111 11 24127 144735
53476121323112 11 31485 188895
53476121323322 11 32434 194586
53614721212121 11 40192 241131
53621471331221 11 26396 158354
53642171111111 11 32539 195206
53672142221213 11 54385 326293
53714622233111 11 44739 268423
53721463223312 11 33309 199823
53724612121112 11 39563 237360
53726143333121 11 28453 170689
53741621323112 11 29219 175289
53741621332112 11 30136 180803
53742612323333 11 34592 207534
53761242121211 11 39233 235373
53761242221213 11 41541 249225
53761242321212 11 38936 233585
53762143222331 11 33201 199190
53762413322123 11 36384 218293
54123673233323 11 31724 190317
54126371331221 11 26841 161021
54127632131213 11 38614 231662
54127632222212 11 36633 219782
54127633131212 11 38587 231502
54127633133333 11 40443 242643
54127633333313 11 37588 225513
54163271133221 11 29759 178533
54163272233111 11 38752 232486
54167231121113 11 26974 161823
54167231131112 11 27372 164212
54167231221211 11 29194 175146
54167231333213 11 27028 162139
54167232112112 11 29018 174081
54167232133313 11 30768 184587
54167232333113 11 26870 161191
54167233232333 11 34663 207954
54167233331213 11 30585 183483
54172633132313 11 37792 226727
54217362233213 11 62340 374016
54217632132212 11 55753 334497
54231671123111 11 28956 173710
54231673123121 11 25361 152138
54261373123121 11 27511 165038
54261732231233 11 34012 204059
54276132233312 11 33105 198608
54312671131331 11 28467 170773
54312672212111 11 31142 186833
54312673311311 11 52942 317631
54317261113112 11 25468 152787
54317621111222 11 33380 200261
54321672212213 11 45168 270981
54321672212231 11 42291 253725
54321672232211 11 44194 265146
54321673313312 11 64030 384160
54321673313321 11 65828 394951
54321673323311 11 65582 393478
54321761211221 11 27629 165750
54321763113113 11 37365 224167
54326171111231 11 37580 225457
54326171112233 11 26652 159893
54326171321231 11 27093 162536
54326711112212 11 34557 207320
54327612223232 11 30212 181243
54361272223232 11 30799 184772
54362171113133 11 32086 192494
54362711111231 11 25669 153991
54362711323112 11 31338 188010
54367121112212 11 38119 228696
54367121113211 11 31437 188595
54367121113331 11 43450 260684
54367122211121 11 34853 209094
54367122311111 11 31480 188860
54367123311113 11 31361 188135
54367211132222 11 42566 255376
54367211213333 11 53165 318978
54367211222132 11 43395 260351
54367211333213 11 46211 277243
54367212211322 11 52844 317040
54367212231122 11 45010 270045
54367212233213 11 43276 259636
54367212332213 11 44456 266719
54367212333113 11 46619 279691
54367213112222 11 50159 300934
54367213312133 11 49131 294754
54371261113331 11 32827 196938
54371621113112 11 38482 230869
54371621113322 11 26392 158334
54376121322233 11 30813 184861
54376211111132 11 31662 189951
54376211111222 11 29197 175164
54376211113133 11 33023 198125
54612371112311 11 46840 281023
54612372222131 11 34533 207174
54612732112223 11 32630 195764
54612733322213 11 33063 198359
54621371133311 11 30464 182770
54621372211121 11 33334 199975
54637211132111 11 25753 154495
54671232221213 11 35082 210468
54712361323313 11 33273 199623
54712362223322 11 34925 209524
54716232222113 11 34551 207284
54716321112323 11 33443 200636
54716322313223 11 27610 165638
54721631111111 11 106636 639792
54721631122121 11 31245 187448
54721631311133 11 29643 177835
54721632133232 11 28901 173385
54721632212222 11 30839 185010
54721632212231 11 26888 161305
54721633231322 11 28691 172124
54721633313321 11 30844 185040
54721633333331 11 27100 162569
54723612131312 11 41728 250354
54723612221222 11 34146 204856
54723612222212 11 34962 209757
54723613121312 11 38378 230249
54723613333313 11 38762 232562
54761233322321 11 29830 178969
54763212322232 11 28360 170147
56123471222312 11 41449 248675
56123471223221 11 39343 236032
56123471331332 11 50362 302160
56123471333123 11 43254 259495
56123472322121 11 41602 249588
56123472331331 11 39037 234192
56123473133132 11 45961 275749
56123473133231 11 38690 232120
56123473222112 11 39995 239948
56123473223312 11 39896 239349
56123473322312 11 41365 248169
56124371111231 11 25043 150226
56124371232323 11 34423 206514
56127433332323 11 30701 184186
56132472333332 11 31211 187245
56132473211111 11 30293 181745
56132473213211 11 30294 181750
56143273332323 11 37903 227404
56147231222132 11 67104 402607
56147231333213 11 41678 250041
56147232233213 11 43433 260568
56147232332213 11 44897 269355
56147232333113 11 43485 260880
56147322333233 11 38866 233180
56173421113112 11 25402 152394
56174232323333 11 34303 205798
56174321232113 11 42137 252814
56213471111111 11 34813 208861
56213743313333 11 40839 245006
56243173133111 11 37200 223181
56243713121333 11 38089 228518
56247132333233 11 31341 188036
56271433111313 11 41820 250899
56271433123313 11 40770 244602
56271433132313 11 42870 257208
56274132331133 11 33264 199566
56274312313211 11 48723 292318
56321473233323 11 27782 166672
56321742211112 11 41436 248600
56324171221331 11 27208 163223
56327411211332 11 27432 164571
56327413213112 11 27106 162610
56341273121213 11 39722 238308
56341273131212 11 35621 213699
56347122333233 11 35641 213830
56347211213111 11 28089 168506
56347211222132 11 28707 172212
56347211312111 11 26600 159573
56347211331131 11 25862 155141
56347212111221 11 46760 280541
56347212111311 11 35319 211893
56347212123233 11 32444 194639
56347212232223 11 31195 187152
56347213111211 11 33834 202980
56347213131332 11 29674 178023
56423171231231 11 24958 149729
56423171231321 11 30469 182796
56423171321321 11 27474 164828
56423172112121 11 31321 187905
56423173132121 11 28303 169796
56423173133111 11 31031 186154
56432713122122 11 32505 195008
56712341232113 11 28425 170519
56712343211123 11 31195 187138
56721343123331 11 33547 201259
56721432312233 11 39072 234407
56723411113313 11 28878 173243
56723411121113 11 29353 176100
56723411131112 11 26938 161607
56723411222312 11 26379 158250
56723412122312 11 25865 155165
56723412323222 11 28307 169810
56723413221212 11 27283 163667
56723413222112 11 26850 161079
56723413331111 11 27323 163901
56732143122113 11 37674 226021
56741231121311 11 28432 170569
56741231131211 11 36878 221251
56741231211131 11 35812 214852
56741231311121 11 27409 164428
56741232111113 11 31375 188225
56741233111112 11 31006 186019
56743212122222 11 34255 205512
56743212221222 11 40623 243724
56743213121213 11 42362 254154
56743213121312 11 36814 220866
56743213331333 11 40018 240091
57123461111111 11 33050 198271
57164322131312 11 30813 184852
57214361323232 11 25585 153490
57214632212213 11 55385 332279
57236141113232 11 27916 167480
57236141322233 11 27117 162674
57236141323232 11 39641 237823
57241631322113 11 24638 147804
57241631323112 11 23878 143238
57246131112233 11 30883 185281
57264132111323 11 34419 206482
57321641311112 11 28608 171622
57321642311132 11 28716 172271
57364212213311 11 38815 232877
57364212313211 11 32784 196678
57364213332122 11 25694 154142
57642311113322 11 28676 172035
61234572231323 11 31553 189306
61234573232213 11 28442 170630
61235741313131 11 49835 298990
61257343232123 11 28322 169911
61274351313131 11 37814 226865
61274532231323 11 31081 186468
61352472233321 11 26545 159241
61352472313211 11 52544 315243
61452731311313 11 38819 232898
61453721111111 11 34032 204172
61453721311112 11 27426 164538
61453723111121 11 27082 162475
61472532123332 11 30323 181917
61472533112111 11 25674 154012
61527431111111 11 35567 213375
61534272311132 11 35373 212213
61534721112311 11 30555 183314
61534721113211 11 28815 172861
61543271111111 11 37330 223951
61543271112311 11 31580 189460
61572432312323 11 28870 173200
61734523222331 11 39297 235757
62134572321323 11 37589 225517
62135471122121 11 30905 185412
62135472132131 11 26639 159819
62135473122131 11 25750 154474
62135473123121 11 33629 201754
62135473131131 11 30874 185225
62135473132121 11 30199 181171
62135473232231 11 28429 170550
62135473322321 11 30310 181844
62135743222331 11 31379 188250
62135743312223 11 52501 314983
62147353123121 11 28938 173608
62147353132121 11 24470 146796
62154733321121 11 25847 155057
62157342132212 11 36704 220205
62173543232132 11 28495 170940
62174351122133 11 39733 238383
62174533311212 11 35915 215469
62317453112111 11 25152 150892
62317453312211 11 40509 243031
62351743112123 11 46495 278952
62371453311311 11 34868 209189
62374511322311 11 24601 147584
62374513112321 11 28963 173760
62374513312112 11 23509 141033
62435172211133 11 42309 253833
62435172311132 11 45422 272514
62435711222222 11 28449 170663
62453713311122 11 35884 215282
62471532232133 11 29687 178095
62475131322323 11 28635 171794
62531472321233 11 31571 189416
62543711211113 11 30940 185626
62543711311112 11 26126 156729
62571432321233 11 38713 232268
62735143223213 11 34697 208160
63125741112323 11 52440 314617
63125743131233 11 27866 167162
63125743133312 11 29519 177093
63142571111111 11 32245 193439
63142571132321 11 44833 268976
63142573112123 11 43570 261392
63172452312323 11 25987 155890
63172452313211 11 53463 320754
63174522332132 11 28342 170027
63247511123132 11 26609 159640
63251743133231 11 40091 240528
63452711311313 11 30836 184987
63452712333221 11 29083 174478
63471522123131 11 32763 196553
63471522323132 11 35915 215470
63471522332132 11 29328 175949
63472512123332 11 32267 193574
63512743313333 11 41701 250188
63541271212211 11 49208 295226
63542713121333 11 45753 274498
63574212123131 11 28152 168889
63574212313211 11 45593 273530
63712542221111 11 30321 181907
63714252123131 11 35340 212021
63714521112323 11 34280 205652
63714522332132 11 25923 155509
63721541233322 11 29514 177071
63724153121213 11 40855 245116
63725141112323 11 50430 302564
63725141233121 11 34161 204952
63725142123131 11 46164 276978
63725142223133 11 41758 250527
63725143122113 11 38373 230227
63725143123313 11 53946 323670
63741252222323 11 32023 192120
63741522123131 11 33046 198252
63742511232221 11 32702 196197
63745123122212 11 27980 167859
63751242221321 11 39058 234337
63751423122311 11 34470 206799
63752141111111 11 41943 251637
63752141122211 11 35296 211743
63752141123213 11 27622 165708
63752142332132 11 25502 152988
63752143123223 11 26724 160314
63752143212323 11 26188 157096
63752143223123 11 30721 184302
63752411223212 11 26844 161046
63752411333213 11 45244 271433
63752412312323 11 35010 210041
63752412322112 11 28097 168564
63752412333113 11 45129 270749
63754213122122 11 29363 176161
64125371131313 11 46145 276851
64157321133212 11 61253 367497
64231572311132 11 33742 202425
64257131113223 11 29916 179478
64271533221212 11 31813 190859
64275131212223 11 35892 215333
64275131312123 11 34662 207955
64275132211133 11 42868 257190
64275132232133 11 41495 248946
64275133231112 11 39268 235591
64275133312211 11 33029 198152
64275311112332 11 31672 190009
64275311222222 11 27444 164646
64275313312211 11 29270 175602
64321572111131 11 35193 211138
64321572132131 11 29242 175421
64321572311132 11 32793 196724
64325713121222 11 58396 350358
64351272132131 11 29330 175961
64357212313211 11 33690 202126
64357213231322 11 40744 244445
64357213312211 11 37226 223343
64531271212211 11 47598 285562
64531272132131 11 26791 160723
64531273122131 11 26255 157506
64531273123121 11 34399 206376
64531273311311 11 28808 172825
64531273312211 11 26787 160693
64572131122223 11 29173 175028
64713253112111 11 25064 150357
65123471112311 11 28309 169832
65123471233232 11 24538 147207
65123472312311 11 29422 176506
65132471212112 11 30591 183528
65132471222111 11 29571 177411
65132471231321 11 34036 204193
65132471323121 11 32775 196633
65132472131231 11 26643 159837
65132472212231 11 44139 264814
65132472233321 11 34927 209540
65132473111331 11 34044 204236
65132473313312 11 27677 166033
65132473323311 11 28314 169861
65132741223323 11 27570 165401
65132743222331 11 34537 207206
65134721233232 11 31120 186694
65147321232113 11 39876 239234
65172431132333 11 33696 202149
65174232123131 11 29335 175994
65174232133313 11 29128 174738
65174232323312 11 32347 194062
65174233323212 11 32148 192868
65174233331213 11 30610 183633
65174322313211 11 31430 188545
65174323223123 11 30764 184566
65213741111111 11 34374 206226
65241371111111 11 32966 197769
65243712121322 11 43522 261111
65271341332331 11 32035 192186
65271432231233 11 32748 196465
65274131111111 11 38805 232810
65274131311313 11 26883 161266
65274131312213 11 30320 181883
65274132123332 11 29219 175288
65274133132223 11 29064 174352
65274133232321 11 26192 157122
65274133312223 11 28504 170990
65314272311132 11 27039 162205
65314272313211 11 45014 270065
65321472111122 11 34558 207335
65417321232113 11 28145 168844
65417323223123 11 25896 155352
65417323232123 11 28113 168655
65423713321322 11 31320 187899
65432173232321 11 30620 183699
65471231132213 11 36705 220201
65714323223123 11 30040 180216
65723143321313 11 28046 168252
65732411333123 11 59753 358495
65742311212313 11 27525 165125
67132541133311 11 48876 293242
67145323133312 11 30764 184555
67154233323332 11 45355 272115
67215343333133 11 37940 227625
67231541323112 11 35762 214553
67231543323122 11 35898 215372
67234513332122 11 28047 168261
67245131313323 11 29238 175415
67245311112311 11 43259 259534
67245311133233 11 34938 209613
67254311131133 11 46975 281835
67254313311113 11 29096 174553
67312452233321 11 29879 179254
67312541121221 11 29060 174331
67312542221111 11 37092 222530
67321451111123 11 28078 168444
67321451112311 11 30173 181011
67321451212211 11 48920 293490
67321451311133 11 31407 188423
67321452111122 11 29217 175284
67321453113311 11 32752 196496
67321542232133 11 30981 185862
67341252222323 11 32944 197637
67342512222113 11 33178 199043
67345122223133 11 43349 260076
67345122232133 11 41827 250941
67345211111123 11 28025 168128
67345211111132 11 30232 181374
67345211112233 11 29117 174678
67345211113322 11 28226 169341
67345211211122 11 31342 188025
67345211311133 11 30884 185280
67345212111122 11 28325 169930
67345213111133 11 33344 200040
67354121111111 11 32412 194433
67354211212121 11 31848 191067
67354211313113 11 46505 279005
67354211333111 11 46320 277898
67354212111221 11 32220 193303
67354212212222 11 30232 181374
67354212311132 11 30580 183452
67354213111313 11 37229 223355
67354213131311 11 35518 213095
67354213211132 11 30175 181032
67354213313333 11 30396 182355
67412353132121 11 35047 210263
67412353332221 11 27306 163811
67412531131133 11 33412 200448
67435121332112 11 25295 151743
67435123123121 11 25417 152481
67452313321232 11 35912 215441
71234563231322 11 33746 202464
71263541333222 11 42738 256403
71263542323123 11 43158 258923
71264533131323 11 43307 259822
71264533221323 11 42721 256308
71264533231223 11 50016 300078
71264533231313 11 45604 273615
71326451211311 11 28039 168218
71326453132121 11 27405 164405
71326543333313 11 40544 243239
71345262132131 11 31627 189744
71362453113311 11 33326 199928
71365423331312 11 38380 230272
71423563213232 11 31547 189259
71423653213232 11 29608 177626
71426353312211 11 31560 189336
71426533333223 11 35662 213962
71432561232323 11 31887 191297
71432561323232 11 24863 149152
71432562111221 11 29723 178313
71432563232213 11 31654 189898
71432563323113 11 26786 160692
71432563323122 11 28743 172432
71432563332113 11 27000 161979
71435261322233 11 36923 221512
71435262222122 11 33478 200851
71435263211123 11 39218 235291
71435263311122 11 36631 219763
71435263333133 11 37311 223852
71435263333223 11 37664 225967
71435623333331 11 36787 220709
71436253333112 11 40398 242375
71452363213232 11 28886 173292
71452632222131 11 38585 231489
71453262222221 11 30918 185496
71453623311122 11 42085 252494
71456321322323 11 29274 175617
71456322111221 11 30652 183898
71462531113322 11 36726 220345
71462532111212 11 31676 190040
71462532121112 11 32699 196170
71462533111223 11 39303 235801
71462533221113 11 32181 193075
71463523331222 11 32855 197109
71523463131311 11 41756 250512
71523463231313 11 43217 259290
71523463331312 11 41179 247050
71532463221332 11 31805 190807
71534262122222 11 40365 242170
71542633132322 11 31069 186392
71543622111131 11 26303 157794
71543623111121 11 29253 175488
71546233331213 11 40092 240529
71546322231212 11 41554 249308
71562433123232 11 29978 179848
71563243221221 11 33602 201588
71625433213133 11 53743 322438
71643252231212 11 40884 245286
71643523331213 11 42044 252251
72134562312212 11 38009 228036
72136541322233 11 28226 169336
72143563222331 11 28511 171044
72143651121113 11 28691 172129
72143651131112 11 30546 183271
72143651213111 11 27776 166636
72143651312111 11 27330 163961
72143652111311 11 27832 166974
72143653111211 11 27697 166154
72145631233223 11 27212 163253
72145633232231 11 27311 163847
72145633312223 11 44187 265107
72146352232223 11 32665 195962
72163452122222 11 40517 243084
72163453121213 11 34090 204528
72163453131212 11 38520 231103
72163453133333 11 32959 197730
72163453331333 11 40588 243508
72164353131113 11 39572 237417
72165431113331 11 28236 169384
72165432111113 11 29347 176058
72165432111122 11 39037 234195
72165432211112 11 32094 192543
72165432323312 11 28370 170198
72165433111112 11 27588 165505
72165433121333 11 30486 182890
72165433221233 11 29020 174094
72165433233323 11 31378 188239
72165433321223 11 26974 161820
72165433331213 11 29756 178513
72345611111111 11 38436 230597
72345611133113 11 26400 158377
72345611221223 11 23999 143968
72345611222222 11 26054 156308
72345611331332 11 28102 168596
72345612122111 11 30068 180382
72345612331331 11 23786 142684
72345613221221 11 25346 152053
72345613333331 11 32054 192308
72356141112323 11 30835 184982
72356141232113 11 28454 170696
72356143211123 11 27250 163475
72361453232333 11 27358 164130
72361542333233 11 48880 293258
72365412222212 11 29897 179357
72365413121312 11 42540 255225
72365413131212 11 31085 186493
72365413331333 11 31683 190087
72435163333313 11 44913 269471
72513641232323 11 28381 170258
72513641233322 11 33089 198513
72516342313223 11 30805 184800
72531463321232 11 33917 203492
72534163211123 11 35356 212121
72541631111213 11 29047 174268
72541631111312 11 32296 193758
72541631112131 11 30239 181408
72541631113121 11 31417 188477
72541632131111 11 27750 166477
72541633121111 11 34407 206428
72543162311111 11 26461 158743
72543163211111 11 29384 176279
72543611221223 11 38723 232312
72543611223221 11 40563 243357
72543611331332 11 45809 274829
72543611332331 11 41131 246762
72543612331331 11 38928 233535
72543613132232 11 49622 297707
72543613133222 11 40072 240407
72543613221221 11 41881 251263
72543613223312 11 46225 277327
72543613322312 11 47798 286774
72546311323112 11 27365 164166
72546313323212 11 30604 183598
72561342313223 11 41136 246802
72561432213122 11 48639 291817
72561433221233 11 43096 258554
72561433311233 11 55494 332945
72561433321133 11 46257 277520
72561433321223 11 45630 273762
72563411111213 11 28605 171608
72563411111312 11 28089 168505
72563411112131 11 38606 231622
72563411113121 11 30673 184015
72563412131111 11 27828 166944
72563413121111 11 27444 164641
72643513212311 11 28834 172986
72643513212332 11 26760 160538
73125463133132 11 32007 192021
73146522113231 11 26028 156153
73246153312211 11 27828 166949
73456123231322 11 31741 190424
73516243323113 11 27529 165153
73516243332131 11 29362 176149
73541262321212 11 36741 220413
73542163321133 11 36865 221168
73542613132121 11 26888 161310
73542613132322 11 27478 164839
73564213321322 11 35515 213066
73614251112323 11 36605 219618
73615241112323 11 48536 291194
73615241113322 11 39645 237848
73615242223133 11 38576 231435
73615243123313 11 36468 218791
73615243213313 11 37708 226231
73615243331312 11 36715 220273
73615243332311 11 38049 228280
73615421113322 11 28539 171218
73615423213211 11 37933 227574
73615423333331 11 30060 180342
73624513121132 11 48611 291651
73624513332131 11 43602 261603
73625141112323 11 35811 214846
73625143121213 11 30397 182359
73625143333313 11 31731 190368
73625412222323 11 31183 187074
73642511111111 11 41181 247071
73642511113232 11 35348 212070
73642511113322 11 35206 211213
73642513223222 11 38460 230755
73645121113211 11 34734 208387
73645122222311 11 33191 199129
73645211223113 11 25283 151678
73645211231111 11 32343 194040
73645211321111 11 25293 151726
73645211332112 11 26299 157765
73645213112231 11 27315 163867
73645213333112 11 28981 173871
73651241113322 11 30524 183129
73652413211312 11 32642 195831
73652413331321 11 36672 220018
73654122111122 11 40671 244001
73654122221111 11 28300 169770
73654211111132 11 33348 200067
74123563323221 11 26164 156958
74123652322121 11 40564 243362
74123653132232 11 51927 311534
74123653133132 11 42232 253368
74123653133222 11 41825 250919
74123653133231 11 38517 231080
74125631313311 11 27714 166249
74125632121121 11 28961 173750
74125632122111 11 26829 160955
74125632131111 11 27691 166122
74125632321332 11 26890 161314
74125633121111 11 33855 203115
74125633131233 11 26364 158162
74125633132232 11 23970 143794
74125633133222 11 25341 152032
74125633133312 11 33748 202463
74125633332323 11 31705 190208
74126352333122 11 37407 224421
74132561321231 11 35186 211098
74132562121121 11 32684 196084
74132562122111 11 30597 183568
74132563131221 11 37674 226024
74132563132112 11 30734 184384
74136522322121 11 37942 227628
74152363132232 11 37311 223848
74152363133132 11 37565 225366
74152363133222 11 42442 254628
74152363133231 11 37489 224905
74156322122123 11 28581 171453
74156322122321 11 29284 175686
74156322313223 11 29335 175982
74156323132331 11 27678 166050
74156323133123 11 28568 171386
74163251121122 11 31798 190774
74163252112211 11 29470 176797
74163252131111 11 31756 190512
74163253121111 11 31517 189077
74163253131332 11 26486 158893
74163253133132 11 26066 156378
74163253133213 11 28251 169477
74163253133231 11 26894 161344
74163253332323 11 28889 173314
74165231121212 11 49694 298151
74165231131313 11 46730 280356
74165231212121 11 47321 283904
74165231313131 11 48817 292877
74165232111212 11 49367 296182
74165232121112 11 46966 281768
74165232121211 11 47552 285301
74165233111313 11 51380 308262
74165233131113 11 47134 282789
74165233131311 11 50015 300066
74165233131323 11 47376 284241
74165233132313 11 50991 305928
74165233231313 11 51045 306249
74213652323132 11 27367 164182
74251633111313 11 37395 224341
74256311321222 11 52024 312126
74256313111232 11 60491 362931
74265312333233 11 31460 188744
74312652333332 11 31386 188298
74321563311131 11 33681 202073
74321653233323 11 34308 205831
74325163131323 11 36519 219100
74325612221222 11 29797 178759
74325613121312 11 37983 227878
74325613131212 11 29836 178993
74325613133333 11 32009 192030
74361253112132 11 36028 216147
74361253211231 11 26312 157853
74365211121221 11 28780 172650
74365211213111 11 27142 162826
74365211312111 11 26784 160684
74365211313113 11 29644 177835
74365211333111 11 29525 177124
74365212111311 11 27334 163976
74365212222323 11 28132 168766
74365212333332 11 26744 160443
74365213111211 11 28632 171764
74365213121333 11 27914 167463
74512361322233 11 36395 218351
74512362313223 11 27204 163201
74513263121222 11 55332 331975
74521632222212 11 36480 218868
74521633121213 11 40963 245755
74521633121312 11 37685 226091
74521633133333 11 41649 249874
74521633333313 11 37235 223391
74523611121113 11 28648 171869
74523611131112 11 29664 177977
74523611213111 11 29266 175579
74523611312111 11 27803 166798
74523612111311 11 28918 173493
74523613111211 11 27716 166281
74532163123223 11 33091 198527
74561231111222 11 29196 175156
74561232111113 11 29637 177791
74561232221111 11 32854 197097
74561233111112 11 32029 192158
74561233131233 11 28783 172676
74561233233323 11 33894 203346
74561233311233 11 28842 173020
74561233321133 11 28432 170569
74561233321313 11 34658 207923
74563211232332 11 28429 170565
74653213133222 11 33361 200142
75132463233233 11 33216 199275
75143263231313 11 40287 241708
75146321323331 11 36636 219794
75213642223133 11 31754 190499
75231463211123 11 46094 276554
75234161322233 11 28491 170928
75234162221111 11 37672 226011
75236143213232 11 26535 159176
75241632222323 11 32614 195663
75243162211322 11 55525 333125
75243611113232 11 29400 176371
75243613213232 11 25607 153624
75246131333312 11 35970 215803
75246311111111 11 68314 409865
75246313212311 11 30353 182107
75246313312211 11 29467 176780
75246313332332 11 29476 176834
75261432123233 11 33632 201773
75264132121232 11 34958 209729
75264132223331 11 27348 164057
75264132321212 11 36754 220499
75264133121333 11 29556 177310
75264133331213 11 29960 179738
75264311223122 11 31873 191215
75264313231112 11 36617 219684
75312463333133 11 37652 225890
75314621133221 11 23906 143408
75314621313212 11 52117 312680
75314623113122 11 26877 161237
75316241231231 11 37555 225298
75321461311112 11 29250 175482
75321463132121 11 26462 158751
75346122133133 11 33556 201317
75346211133122 11 28027 168138
75346211211311 11 35591 213534
75346211311211 11 26442 158625
75346212323333 11 33788 202698
75346213112132 11 25304 151795
75346213132121 11 26428 158545
75346213132322 11 26691 160119
75346213332122 11 28306 169811
75412631223332 11 24428 146541
75416323232213 11 32719 196295
75431263133213 11 37363 224159
75462132123212 11 49293 295743
75613243131332 11 37783 226674
75613243133213 11 30726 184335
75634123323122 11 29400 176375
75641323232111 11 27863 167153
75642132213311 11 26966 161775
76123453233323 11 28826 172927
76125343333133 11 38142 228831
76143252131312 11 31737 190404
76143252221222 11 32276 193633
76143253131212 11 32678 196051
76143253331333 11 30258 181528
76143253333313 11 42446 254661
76145231121113 11 26916 161472
76145231122112 11 46620 279698
76145231131112 11 29096 174558
76145231221112 11 46535 279188
76145231311331 11 26210 157231
76145232123332 11 28131 168762
76145232233213 11 34782 208669
76145232331313 11 27055 162303
76145232332213 11 35976 215830
76145233133213 11 28741 172431
76145233232333 11 27315 163868
76154323333112 11 33309 199833
76213543213133 11 34410 206443
76213543311332 11 32277 193641
76215341231231 11 30971 185799
76215433333133 11 36718 220290
76231451123111 11 29434 176586
76245311121131 11 28574 171424
76245311131121 11 25724 154314
76245311213312 11 27207 163218
76245312132131 11 27768 166581
76245313122122 11 27039 162212
76245313123121 11 27214 163255
76253141123132 11 25207 151218
76253141211332 11 24717 148278
76253413322312 11 33895 203342
76254133311323 11 54368 326193
76254313211111 11 48349 290077
76312452212111 11 50283 301677
76312453211111 11 29421 176502
76312453311311 11 32351 194081
76312542321212 11 31590 189521
76312542322121 11 29588 177508
76312543322222 11 39218 235294
76315241112113 11 30961 185742
76315241113112 11 26518 159085
76315241223113 11 25833 154966
76315241322122 11 27355 164107
76315241323313 11 28829 172953
76315241332112 11 26388 158308
76315243211231 11 25090 150511
76315243323323 11 30185 181092
76321452122123 11 42969 257793
76321452122321 11 43818 262881
76321452122333 11 42976 257829
76321452123323 11 49846 299048
76321452212231 11 41599 249575
76321452213122 11 43719 262290
76321453233131 11 45683 274075
76321453311233 11 52208 313223
76321453313312 11 49048 294265
76321453321133 11 43562 261347
76321453323311 11 50009 300043
76321542211112 11 41674 250029
76321543211111 11 28006 168012
76321543311131 11 30937 185605
76324151112233 11 28730 172362
76324151112323 11 34762 208551
76324153323122 11 28390 170320
76325411111213 11 29742 178421
76325411111312 11 36699 220181
76325411112131 11 27174 163018
76325411113121 11 29805 178806
76325411122121 11 29431 176559
76325411331311 11 31699 190173
76325412112121 11 36955 221709
76325412231212 11 31775 190628
76325412333233 11 31587 189493
76325413222223 11 29233 175372
76341251111213 11 29023 174106
76341251111312 11 36180 217060
76341251112131 11 31957 191729
76341251113121 11 29292 175721
76341251221121 11 30688 184107
76341251311313 11 29420 176488
76341252232313 11 28724 172321
76341252323333 11 31501 188984
76341253221212 11 32405 194402
76341253233131 11 26081 156460
76342511111231 11 24555 147301
76342511111321 11 31599 189578
76342511323112 11 25957 155710
76342512232223 11 31138 186805
76342513213112 11 37789 226714
76342513322111 11 39344 236043
76342513323122 11 27469 164798
76342513323212 11 29619 177689
76345122211112 11 40459 242737
76345122211121 11 32430 194559
76345122213311 11 27073 162418
76345122311111 11 32711 196243
76345123211111 11 27603 165592
76345123311113 11 31895 191342
76345123311131 11 30452 182700
76345123312211 11 25951 155679
76351421112323 11 37484 224883
76351421113322 11 27862 167159
76351423321232 11 29451 176682
76354121121212 11 34464 206759
76354121122121 11 28923 173511
76354121311313 11 29486 176897
76354121313131 11 32504 195000
76354122111212 11 37788 226706
76354122112121 11 31431 188562
76354122212222 11 29991 179924
76354123211123 11 32134 192788
76354123211132 11 27910 167440
76354123313333 11 32785 196691
76354212213323 11 29830 178959
76354212312233 11 30678 184034
76354212313322 11 32667 195983
76354212333332 11 30030 180157
76354213222223 11 29457 176716
76354213312223 11 27639 165803
76421351131121 11 23860 143138
76512343213313 11 47769 286599
76512343332311 11 47654 285909
76514321112323 11 31983 191882
76514321232113 11 29473 176813
76521433232333 11 28510 171039
76523413223231 11 29975 179826
76524313331222 11 37048 222265
76541232131213 11 48980 293859
76541232221222 11 30121 180706
76541233121213 11 31060 186339
76541233331333 11 33442 200644
76541233333313 11 37805 226810
76543211111111 11 64308 385821
76543211212112 11 32998 197967
76543211223221 11 26762 160558
76543211332331 11 26725 160333
76543211333333 11 29563 177363
76543212132323 11 29482 176869
76543212222221 11 28291 169717
76543212323213 11 29080 174460
76543213113131 11 29266 175573
# summary over 2644 states from tests/dist11.txt
#   failures (length != oracle distance or path not solving): 0
#   expanded: max 106636 (54721631111111), min 23486 (15746322313112), mean 34439.9
#   generated: mean 206618.2
#   21345671111111: len 11, expanded 38999, generated 233961, solution R B' D2 R' B R' B' R D2 R B
